#type       avg     std     min      p5     p10     p50     p67     p75     p80     p85     p90     p95     p99    p999   p9999      QPS   target       ts_start         ts_end
read      201.6    99.4    80.4   130.0   140.2   189.5   212.5   225.8   235.0   248.1   265.0   293.3   414.6  1260.5  3398.7  29847.7    30000  1745070077909  1745070088065
read      202.1    79.4    80.4   131.6   142.0   193.1   216.0   229.1   238.3   250.7   267.2   294.2   372.4   797.3  3164.4  30092.0    30005  1745070089576  1745070099702
read      198.0    93.1    86.8   129.3   138.9   188.2   211.2   224.2   233.3   245.7   262.3   290.0   361.0   929.4  3833.9  29940.6    30010  1745070101213  1745070111314
read      199.9    80.7    86.8   130.8   141.0   190.9   214.2   227.7   237.0   250.3   266.6   291.2   351.2   649.7  3290.0  29985.6    30015  1745070112825  1745070122927
read      196.1    73.9    86.8   129.9   139.6   187.6   210.2   223.1   232.4   244.3   259.3   283.5   344.1   578.9  3047.1  29958.3    30020  1745070124440  1745070134541
read      198.2    96.8    86.8   130.0   139.6   188.5   211.8   225.1   234.4   247.3   263.4   287.8   350.8   791.8  3490.5  30012.4    30025  1745070136053  1745070146154
read      198.4    80.7    86.8   129.4   139.4   189.1   212.7   226.3   235.5   248.5   264.9   289.6   348.6   747.0  3172.4  29993.2    30030  1745070147665  1745070157763
read      195.2    74.6    86.8   128.5   138.2   186.5   209.9   223.3   232.8   245.0   260.4   284.6   342.1   552.6  3046.9  30059.9    30035  1745070159272  1745070169371
read      200.3    91.2    86.8   131.6   141.5   190.5   213.9   227.4   236.6   249.5   265.6   290.5   356.6   911.7  4072.3  29970.8    30040  1745070170883  1745070180984
read      196.0    81.2    86.8   130.4   140.2   187.3   209.7   222.3   231.5   243.1   257.9   281.3   339.9   726.7  3186.1  30004.7    30045  1745070182494  1745070192598
read      199.6    76.4    86.8   130.4   140.3   190.2   214.1   227.8   237.4   250.5   268.0   293.3   350.4   810.8  2917.8  30082.4    30050  1745070194108  1745070204207
read      195.8    82.9    80.4   129.5   139.1   186.8   209.2   221.8   231.2   242.7   257.5   281.3   341.7   950.1  3220.2  30002.9    30055  1745070205719  1745070215818
read      197.2    77.0    86.8   130.8   140.9   189.3   211.7   224.5   233.5   245.3   260.0   283.1   339.7   550.1  3150.8  30156.3    30060  1745070217330  1745070227437
read      196.0    81.8    86.8   128.5   138.1   185.9   209.8   223.4   233.1   245.8   262.2   288.4   352.7   772.8  3012.9  29989.2    30065  1745070228946  1745070239044
read      194.6    76.5    86.8   128.7   138.4   185.7   208.1   220.8   230.3   241.6   256.4   282.1   342.5   735.0  3035.2  30051.0    30070  1745070240555  1745070250656
read      195.8    81.9    86.8   129.4   139.1   186.9   209.5   222.3   231.7   243.5   258.6   282.8   341.4   724.3  3185.8  30099.3    30075  1745070252166  1745070262268
read      197.3    75.6    86.8   130.3   139.9   188.8   211.6   224.4   233.5   245.8   261.6   285.8   345.1   755.3  2958.4  29930.2    30080  1745070263779  1745070273877
read      194.7    77.2    86.8   128.6   138.3   185.9   208.7   221.6   231.2   243.4   259.6   285.0   339.9   586.9  3489.9  30033.8    30085  1745070275387  1745070285489
read      195.8    79.6    80.4   129.5   139.0   186.3   209.1   222.0   231.6   243.9   260.2   286.3   344.5   808.0  2799.1  30114.4    30090  1745070286998  1745070297095
read      198.4    88.5    86.8   129.1   139.1   188.8   212.3   225.7   235.0   248.1   265.0   291.0   348.9   865.5  3231.8  30023.2    30095  1745070298607  1745070308706
read      197.2    81.6    86.8   129.6   139.4   188.0   211.1   224.3   233.7   246.2   262.0   286.5   345.9   776.4  3620.3  30143.6    30100  1745070310216  1745070320316
read      199.3    90.5    80.4   131.5   141.2   189.6   212.4   225.4   234.4   247.2   263.9   290.0   347.7   869.2  3939.8  30060.1    30105  1745070321826  1745070331926
read      196.2    91.0    80.4   128.1   138.2   187.2   210.0   222.8   232.1   243.9   259.3   284.9   346.8   757.9  3834.5  30144.3    30110  1745070333436  1745070343555
read      191.0    71.9    80.4   123.1   133.4   183.9   206.5   218.8   228.5   239.2   253.6   276.5   330.5   535.7  3091.4  30056.7    30115  1745070345067  1745070355165
read      189.5    74.1    80.4   123.5   133.5   182.3   204.6   216.9   226.2   235.9   251.0   272.8   324.7   510.4  3086.2  30142.8    30120  1745070356676  1745070366775
read      188.8    80.1    80.4   120.5   130.8   181.7   204.3   216.9   226.4   236.4   251.6   274.5   330.4   495.1  3224.7  30156.0    30125  1745070368286  1745070378385
read      190.4    64.6    86.8   124.0   134.0   183.2   205.7   218.2   227.9   238.5   253.4   276.6   331.9   484.5  2555.9  30103.9    30130  1745070379896  1745070389994
read      190.3    69.1    80.4   121.5   131.8   182.9   206.1   218.7   228.5   239.3   254.0   277.5   336.4   528.9  2431.2  30249.6    30135  1745070391506  1745070401607
read      192.8    78.5    86.8   124.8   135.1   185.5   208.4   220.9   230.1   240.8   254.6   276.5   332.0   578.0  3209.9  30138.3    30140  1745070403117  1745070413217
read      190.3    66.1    80.4   123.7   133.7   183.1   205.8   218.3   228.0   238.6   253.3   274.9   330.0   479.2  2395.0  30190.5    30145  1745070414727  1745070424826
read      190.5    74.6    86.8   121.5   131.9   183.1   206.3   218.9   228.8   239.9   254.5   277.2   332.8   503.5  2870.3  30073.7    30150  1745070426336  1745070436445
read      192.2    77.8    80.4   124.0   134.0   184.1   207.2   220.1   230.3   242.3   257.8   280.9   335.2   499.4  3163.2  30187.4    30155  1745070437956  1745070448055
read      191.7    82.7    80.4   121.9   132.3   183.3   206.5   220.0   230.1   241.9   256.7   281.6   338.6   599.6  3484.8  30091.6    30160  1745070449566  1745070459663
read      189.0    85.5    80.4   121.3   131.6   181.5   203.5   216.2   225.5   235.3   250.4   273.8   327.8   503.3  3831.5  30183.8    30165  1745070461173  1745070471272
read      191.0    70.1    80.4   124.9   134.9   183.7   206.0   218.4   227.9   238.1   252.4   273.8   330.1   502.4  3019.6  30202.9    30170  1745070472784  1745070482882
read      189.4    74.8    80.4   122.5   132.5   181.8   204.7   217.6   227.1   237.2   251.8   273.3   327.8   519.2  3310.5  30181.4    30175  1745070484393  1745070494496
read      189.6    76.2    86.8   121.5   131.6   182.4   205.4   218.2   227.7   237.9   252.1   274.0   332.3   502.5  3813.6  30131.9    30180  1745070496008  1745070506108
read      189.7    85.0    80.4   120.6   130.6   181.1   204.4   217.6   227.8   239.4   254.2   276.3   337.2   678.7  4093.4  30265.2    30185  1745070507620  1745070517723
read      190.1    77.3    80.4   123.0   133.0   182.3   204.8   217.3   227.0   237.5   253.0   275.0   330.9   520.0  3305.3  30170.6    30190  1745070519233  1745070529334
read      191.3    66.3    80.4   123.2   133.7   183.4   206.8   219.8   229.8   241.6   256.7   279.2   334.8   481.1  2678.6  30151.7    30195  1745070530845  1745070540946
read      189.0    72.6    80.4   120.4   130.4   181.1   205.0   219.0   229.1   240.3   254.0   274.9   332.2   496.5  2984.9  30247.1    30200  1745070542456  1745070552558
read      194.0    84.2    86.8   128.0   137.7   185.7   209.3   222.6   231.7   242.7   255.7   276.9   332.7   559.7  3483.2  30117.0    30205  1745070554070  1745070564169
read      191.4    80.1    80.4   124.2   134.3   183.5   206.4   219.2   228.5   238.9   253.6   275.2   332.1   662.4  3229.2  30196.2    30210  1745070565679  1745070575780
read      198.7   131.6    80.4   121.6   131.5   183.3   209.1   223.7   234.0   247.4   264.7   293.2   467.5  2101.8  5159.8  30324.5    30215  1745070577290  1745070587419
read      199.1   150.8    80.4   119.3   129.7   183.1   210.2   225.0   234.5   247.3   263.6   291.8   482.8  2386.3  5905.2  30221.5    30220  1745070588930  1745070599156
read      195.3   121.4    80.4   120.9   131.3   183.2   208.2   222.0   231.6   243.3   258.3   284.9   386.9  1384.4  5113.9  30240.0    30225  1745070600670  1745070610879
read      189.3    88.6    80.4   120.0   130.0   180.4   205.2   218.9   228.8   239.8   254.0   276.5   334.8   560.3  4214.5  30296.3    30230  1745070612390  1745070622503
read      188.7    76.5    80.4   119.8   129.8   180.9   204.6   218.5   228.4   239.2   253.2   274.7   333.6   529.8  3076.8  30245.6    30235  1745070624015  1745070634116
read      188.0    69.6    80.4   120.0   130.0   180.2   204.0   217.2   226.6   236.4   251.7   274.5   336.9   513.5  2761.6  30183.7    30240  1745070635626  1745070645725
read      189.0    83.2    80.4   120.3   130.1   180.2   203.9   217.2   227.3   238.7   254.5   277.8   336.7   557.2  3997.7  30244.9    30245  1745070647235  1745070657339
read      189.3    74.3    80.4   120.3   130.2   180.5   204.7   217.9   228.0   239.3   254.4   278.3   345.6   651.9  3049.2  30225.2    30250  1745070658850  1745070668959
read      189.7    69.2    86.8   122.8   132.7   181.4   204.3   217.5   227.9   239.7   254.2   275.7   332.6   515.7  3014.7  30256.2    30255  1745070670471  1745070680572
read      188.3    81.8    86.8   120.9   130.6   180.8   203.9   216.6   226.4   237.2   252.3   273.5   324.7   493.2  3414.9  30293.2    30260  1745070682084  1745070692187
read      189.0    73.7    80.4   120.9   130.7   181.7   205.5   218.4   228.0   238.4   252.6   274.9   330.8   476.5  3788.7  30257.4    30265  1745070693697  1745070703795
read      191.7    76.8    80.4   120.7   131.2   184.0   208.6   222.0   231.3   242.7   256.9   282.0   338.5   531.0  2990.4  30140.2    30270  1745070705306  1745070715406
read      190.9    72.5    80.4   121.3   131.5   183.2   206.8   220.1   230.1   242.0   257.2   280.2   335.3   505.8  3095.4  30281.9    30275  1745070716916  1745070727018
read      189.5    73.3    80.4   122.0   132.3   182.5   205.5   218.0   227.6   237.9   252.1   273.6   324.9   494.6  3087.1  30269.9    30280  1745070728529  1745070738631
read      187.8    72.0    80.4   121.6   131.6   180.9   203.1   215.8   224.7   234.3   248.8   271.0   322.3   481.5  2921.4  30287.8    30285  1745070740142  1745070750245
read      189.0    69.6    80.4   121.6   131.5   181.7   204.9   217.7   227.0   236.6   251.4   274.3   329.8   523.9  2809.8  30251.9    30290  1745070751756  1745070761856
read      188.3    85.8    80.4   121.7   131.5   180.6   203.4   216.3   225.7   235.6   250.5   272.4   320.8   501.5  3479.1  30314.0    30295  1745070763367  1745070773467
read      187.0    79.9    80.4   120.2   130.2   179.2   201.5   214.8   224.4   235.0   250.2   272.2   326.7   574.5  2853.7  30254.8    30300  1745070774978  1745070785077
read      188.8    67.2    80.4   122.9   133.1   181.4   204.4   217.6   226.8   236.1   250.5   271.3   323.8   470.3  2704.6  30209.5    30305  1745070786586  1745070796686
read      190.3    78.7    80.4   121.9   132.6   182.3   205.3   218.4   228.1   238.6   252.5   273.7   333.2   566.1  3156.3  30390.2    30310  1745070798196  1745070808298
read      188.8    80.7    80.4   122.0   132.0   180.7   203.8   217.1   226.6   236.5   251.3   273.4   329.5   546.1  3211.6  30428.8    30315  1745070809809  1745070819910
read      187.3    72.4    80.4   120.6   130.9   180.1   203.2   216.1   225.2   234.8   249.0   270.5   325.1   545.1  2643.9  30335.9    30320  1745070821421  1745070831522
read      188.1    75.1    86.8   121.0   130.9   179.5   203.3   216.8   226.2   235.9   250.5   272.2   327.3   902.4  3204.4  30231.5    30325  1745070833033  1745070843131
read      188.4    69.0    80.4   120.0   129.9   180.9   204.7   217.8   227.6   238.3   253.1   275.3   334.4   504.6  2557.3  30313.8    30330  1745070844642  1745070854745
read      185.1    70.8    80.4   117.8   127.6   177.6   201.0   214.2   223.5   233.7   248.3   271.3   325.6   501.2  2935.0  30301.9    30335  1745070856255  1745070866356
read      187.6    73.0    86.8   120.9   130.8   180.5   203.2   216.2   225.4   235.1   249.4   271.8   325.0   501.2  3117.1  30285.4    30340  1745070867867  1745070877967
read      187.9    71.8    80.4   122.9   132.5   180.4   202.6   215.4   224.7   234.9   249.9   271.7   323.4   482.6  3130.6  30361.2    30345  1745070879479  1745070889578
read      188.8    71.0    80.4   122.7   132.4   180.8   203.8   217.2   227.2   237.9   252.3   274.0   331.1   497.6  2883.3  30493.6    30350  1745070891089  1745070901188
read      187.3    67.6    80.4   120.0   130.2   179.8   202.9   216.6   226.3   236.5   251.3   272.4   325.4   488.9  2863.7  30164.6    30355  1745070902698  1745070912804
read      192.2   101.4    86.8   126.8   136.2   184.0   206.5   218.8   227.9   237.5   251.4   274.1   326.1   637.4  4625.6  30404.2    30360  1745070914314  1745070924418
read      188.2    75.6    80.4   121.1   131.0   180.4   203.4   217.0   226.7   237.0   251.7   273.4   327.5   508.1  3008.7  30333.8    30365  1745070925928  1745070936031
read      187.0    72.1    80.4   120.4   130.5   179.8   202.2   215.2   224.5   234.5   248.9   270.7   320.7   504.8  2906.2  30464.7    30370  1745070937541  1745070947641
read      191.6    69.2    80.4   125.1   135.1   184.3   207.3   220.0   229.3   239.9   253.5   275.3   331.0   489.4  2642.6  30382.0    30375  1745070949151  1745070959252
read      188.3    75.2    86.8   123.9   133.5   180.8   202.5   215.1   224.2   234.4   249.0   270.3   321.4   534.6  3126.1  30429.1    30380  1745070960764  1745070970864
read      189.5    71.9    80.4   121.4   131.3   181.5   205.5   219.0   228.8   239.7   254.4   277.6   334.4   494.0  2327.6  30368.8    30385  1745070972376  1745070982480
read      189.0    90.3    80.4   118.9   129.0   180.2   204.2   217.8   228.2   239.9   254.8   278.5   339.8   585.9  3615.0  30219.6    30390  1745070983993  1745070994095
read      188.6    67.9    86.8   121.4   131.2   180.5   203.5   217.0   227.5   239.2   253.7   275.7   332.4   488.4  2488.8  30456.2    30395  1745070995605  1745071005704
read      191.8    74.9    80.4   125.2   134.8   183.8   206.9   219.6   229.2   240.3   255.3   278.6   333.9   545.7  2961.8  30394.7    30400  1745071007214  1745071017317
read      191.0    71.2    80.4   124.3   134.6   183.5   206.6   219.4   228.8   239.2   253.0   274.7   332.3   478.5  2308.9  30418.3    30405  1745071018827  1745071028926
read      185.4    71.5    80.4   118.1   127.9   177.7   200.9   214.2   223.6   234.1   249.7   272.5   326.1   500.1  3175.2  30378.1    30410  1745071030436  1745071040535
read      187.7    71.4    80.4   121.6   131.6   180.1   202.3   215.5   225.0   235.2   250.5   272.4   323.0   491.5  3041.2  30367.3    30415  1745071042046  1745071052152
read      187.2    70.0    80.4   120.0   130.1   179.9   202.7   216.0   225.4   235.3   250.0   272.2   325.3   503.6  2958.8  30459.5    30420  1745071053662  1745071063762
read      186.9    67.9    80.4   120.6   130.4   179.4   202.3   215.5   225.0   235.2   250.6   272.8   321.7   464.8  2628.3  30476.8    30425  1745071065271  1745071075372
read      185.4    72.8    80.4   116.7   126.5   176.9   200.8   214.9   225.1   236.5   251.9   275.0   331.1   527.4  2458.6  30335.5    30430  1745071076883  1745071086984
read      189.5    77.4    80.4   123.1   133.0   181.2   204.0   217.3   227.3   238.4   253.4   276.1   328.8   482.5  3062.4  30382.9    30435  1745071088494  1745071098598
read      187.7    73.5    80.4   119.8   129.8   180.1   203.2   216.5   226.3   236.9   252.0   273.6   330.2   491.9  2977.5  30411.5    30440  1745071100110  1745071110212
read      188.9    78.3    80.4   119.8   130.0   181.2   204.8   218.2   228.0   238.7   253.1   274.5   328.8   527.6  3140.6  30499.8    30445  1745071111723  1745071121824
read      189.3    72.2    80.4   122.2   132.1   181.5   204.7   217.8   227.4   237.8   252.3   273.8   328.8   523.1  3100.1  30480.9    30450  1745071123333  1745071133433
read      190.1    76.6    80.4   122.6   132.5   182.1   205.5   218.7   228.5   239.3   253.3   274.7   331.9   548.0  3139.0  30447.3    30455  1745071134943  1745071145042
read      189.6    66.1    80.4   121.1   130.9   181.5   205.4   219.0   228.9   240.1   254.9   277.6   337.0   648.3  2269.6  30429.8    30460  1745071146554  1745071156653
read      186.9    71.8    80.4   119.4   129.2   179.2   202.2   216.3   226.3   237.1   251.8   273.1   326.9   470.1  3158.1  30475.9    30465  1745071158164  1745071168265
read      186.4    76.5    80.4   118.8   128.7   178.6   201.8   215.5   225.1   235.4   250.5   273.1   324.0   494.9  3079.2  30472.9    30470  1745071169775  1745071179877
read      191.3    86.5    80.4   123.6   133.6   183.0   206.3   219.2   228.7   239.2   253.3   275.8   331.9   635.4  3824.3  30560.8    30475  1745071181388  1745071191489
read      189.5    69.4    80.4   122.8   132.9   181.9   204.8   217.7   227.4   237.7   252.3   274.9   329.9   509.7  2832.7  30496.4    30480  1745071192999  1745071203106
read      189.5    81.4    86.8   122.3   132.2   181.4   204.0   217.1   226.9   237.4   252.9   275.0   332.7   508.4  4139.7  30447.9    30485  1745071204617  1745071214720
read      191.4    81.0    86.8   124.6   134.2   183.3   206.1   218.6   228.7   240.1   255.0   277.7   334.9   527.2  3394.6  30487.8    30490  1745071216232  1745071226334
read      190.6    85.7    80.4   121.8   131.7   181.9   205.3   218.4   228.2   239.2   254.4   278.4   336.8   691.6  3631.5  30471.7    30495  1745071227845  1745071237948
read      189.4    77.2    86.8   121.5   131.4   181.9   205.0   218.0   227.6   237.9   252.4   275.1   332.1   523.4  3007.0  30524.8    30500  1745071239459  1745071249561
Warning! Detected max cpu usage > 95%
CPU Usage Stats (avg/min/max): 84.67%,8.04%,100.00%
