#type       avg     std     min      p5     p10     p50     p67     p75     p80     p85     p90     p95     p99    p999   p9999      QPS   target       ts_start         ts_end
read      217.4   112.3    86.8   149.0   162.3   211.5   228.8   238.2   246.3   254.4   268.2   289.5   343.9  1319.5  6740.3   4919.8     5000  1744891253860  1744891259124
read      232.4   125.1    93.8   145.7   161.8   230.7   252.0   264.0   271.9   282.5   295.4   317.5   366.4   505.5  2119.2   9976.6    10000  1744891260627  1744891265867
read      244.4    77.8    86.8   142.1   158.8   244.9   270.4   284.3   293.7   306.1   320.3   345.1   400.0   528.3  2808.0  14999.2    15000  1744891267370  1744891272576
read      252.3    98.6    80.4   139.5   154.6   253.6   285.2   301.0   312.6   325.6   342.4   368.5   425.5   574.1  3069.1  20087.8    20000  1744891274078  1744891279283
read      260.9   121.9    86.8   135.3   149.8   262.3   298.3   316.3   329.1   343.1   362.1   389.9   447.2   830.1  3363.5  24953.2    25000  1744891280787  1744891285994
read      262.0    99.1    86.8   133.3   147.2   262.9   301.2   320.1   334.1   349.0   368.7   398.1   463.6   701.9  2716.4  30131.4    30000  1744891287497  1744891292697
read      265.1   114.2    86.8   131.8   145.7   264.6   307.0   328.1   342.4   359.7   379.9   410.1   473.1   643.9  3519.3  34977.4    35000  1744891294200  1744891299402
read      267.3   104.7    80.4   130.9   144.8   264.1   312.2   336.2   352.5   370.8   393.9   426.7   495.7   624.3  2439.4  39991.0    40000  1744891300905  1744891306112
read      271.2   182.1    86.8   130.2   144.1   263.6   316.0   341.8   359.7   379.3   402.7   437.5   507.9   689.1  6819.4  44750.5    45000  1744891307615  1744891312818
read      268.0   148.6    80.4   127.1   140.7   258.6   314.3   342.6   361.7   382.6   407.0   445.3   519.3   663.5  3955.1  49862.6    50000  1744891314321  1744891319520
read      267.7   114.8    80.4   128.0   142.0   254.2   312.6   342.9   363.7   386.5   413.2   452.1   528.1   647.1  1999.5  54965.1    55000  1744891321023  1744891326225
read      273.6   123.1    80.4   128.2   143.2   258.1   317.6   349.4   371.0   395.3   424.7   466.0   549.8   709.0  3591.3  60075.8    60000  1744891327728  1744891332929
read      277.7   163.5    80.4   128.4   143.7   260.6   320.5   353.4   375.9   401.1   432.2   476.2   568.3   740.2  5392.2  64870.2    65000  1744891334432  1744891339638
read      285.9   168.1    80.4   132.0   148.8   265.5   327.4   361.9   386.0   413.4   447.5   497.3   599.9   873.3  3956.1  70297.4    70000  1744891341141  1744891346342
read      301.5   187.3    74.4   136.6   154.7   278.3   341.5   377.5   403.1   433.2   471.1   534.1   683.2   951.3  4386.5  74927.0    75000  1744891347845  1744891353045
read      400.2   308.4    80.4   140.8   162.5   328.5   428.6   496.1   554.8   626.7   707.2   883.0  1342.0  1653.0  9067.3  79819.8    80000  1744891354548  1744891359749
read      484.3   351.3    80.4   155.7   183.7   405.2   552.7   650.4   702.9   752.9   822.0  1088.3  1476.4  1731.2  7506.0  84833.4    85000  1744891361252  1744891366453
read      500.6   332.6    80.4   170.6   204.4   441.8   560.9   644.1   698.8   756.6   842.9  1037.0  1439.9  1738.0  8350.3  89621.8    90000  1744891367956  1744891373159
read      646.6   342.9    86.8   291.3   364.5   574.5   693.1   781.1   844.3   924.9  1016.9  1139.1  1523.2  3165.9 11301.5  92846.6    95000  1744891374662  1744891379864
read      604.3   314.6    86.8   275.1   344.8   542.3   624.9   712.0   791.7   883.8   977.5  1079.9  1314.0  1733.8  7498.5  98070.6   100000  1744891381367  1744891386567
read      701.3   365.1   101.3   407.5   447.0   609.4   738.3   826.4   907.0   991.8  1073.0  1195.4  1516.8  3593.5  9584.5  92801.5   105000  1744891388071  1744891393273
read      706.2   354.3   109.4   433.2   470.6   603.9   717.7   833.2   929.9  1018.5  1090.6  1180.1  1528.9  4216.2 10312.5  92405.0   110000  1744891394776  1744891399978
read      679.1   329.1   127.6   410.7   447.3   579.4   705.1   815.8   905.3   981.6  1049.7  1139.1  1468.0  1997.8  8515.3  95912.2   115000  1744891401482  1744891406685
read      709.1   379.6   118.1   417.8   458.2   614.7   741.6   830.9   910.7   997.5  1080.2  1203.6  1552.3  3761.6  9490.4  92096.2   120000  1744891408188  1744891413388
read      712.2   374.3   118.1   433.9   468.7   613.2   728.0   813.6   927.4  1019.8  1093.6  1230.8  1516.6  3949.8 11377.4  91819.4   125000  1744891414891  1744891420094
read      706.2   356.1   118.1   429.2   466.2   606.4   724.4   832.3   932.9  1017.8  1089.5  1185.1  1496.0  3111.5 10552.4  92539.7   130000  1744891421597  1744891426801
read      705.0   360.4   109.4   421.5   459.3   601.7   735.8   837.6   920.4  1004.4  1079.0  1182.2  1560.8  4482.1  9589.3  92720.2   135000  1744891428304  1744891433508
read      676.8   326.2   109.4   416.8   452.9   581.2   662.9   801.2   915.4   995.5  1063.4  1145.6  1343.2  2348.6  8582.4  96386.8   140000  1744891435010  1744891440214
read      668.3   314.5   118.1   406.3   442.6   573.5   669.8   819.0   910.1   981.1  1045.8  1122.6  1308.3  1818.2  8981.8  97465.2   145000  1744891441717  1744891446918
read      690.1   332.8   118.1   417.7   455.1   590.5   693.5   817.7   919.5  1002.3  1075.0  1167.1  1441.3  3852.8  9218.6  94587.2   150000  1744891448421  1744891453625
read      652.2   325.9   109.4   379.8   416.8   562.0   690.3   787.9   864.1   935.1  1001.2  1091.4  1398.0  3409.4 10537.6  99836.1   155000  1744891455128  1744891460329
read      664.5   332.1   127.6   390.8   427.5   574.1   706.0   809.3   881.7   950.7  1016.5  1103.6  1425.4  1973.8  8356.6  97990.0   160000  1744891461832  1744891467036
read      702.8   340.8   127.6   419.0   456.9   603.2   735.6   837.0   922.8  1004.1  1078.4  1180.1  1524.5  3388.8  9142.4  92966.1   165000  1744891468539  1744891473740
read      691.2   336.5   127.6   412.1   450.6   596.4   711.9   818.4   910.9   992.9  1068.9  1168.0  1455.3  3201.6  7526.0  94375.3   170000  1744891475243  1744891480445
read      675.6   328.7   118.1   401.4   440.4   582.5   698.0   816.9   902.7   976.6  1046.8  1136.7  1406.4  2263.2 10354.3  96518.0   175000  1744891481947  1744891487149
read      680.1   367.9   109.4   402.3   439.7   585.1   706.1   811.6   897.3   974.0  1047.3  1151.5  1449.1  3804.0 11517.3  95968.0   180000  1744891488653  1744891493857
read      653.9   305.8   109.4   399.4   435.6   558.3   655.1   798.8   892.6   962.2  1021.9  1093.1  1306.4  1902.4  8714.1  99637.4   185000  1744891495360  1744891500564
read      675.1   329.7   109.4   402.1   439.6   579.6   708.4   810.0   895.2   970.0  1038.9  1135.0  1454.7  3105.5  7738.0  96644.8   190000  1744891502067  1744891507268
read      667.2   307.2   109.4   393.5   434.0   574.1   692.5   808.3   887.5   962.2  1033.0  1122.7  1422.3  3496.6  7575.4  97662.0   195000  1744891508771  1744891513974
read      649.8   340.9   127.6   382.0   417.9   557.9   690.1   792.4   866.6   932.4   997.9  1085.7  1376.6  1851.4 10016.8 100220.1   200000  1744891515477  1744891520681
read      663.3   320.2   118.1   386.9   424.4   574.3   703.2   804.8   879.4   948.0  1015.5  1115.9  1412.5  1975.5 11652.2  98234.8   205000  1744891522184  1744891527386
read      648.7   314.1   118.1   391.8   431.0   555.1   648.4   786.5   877.4   952.3  1014.5  1087.4  1281.2  1820.6  7921.2 100458.3   210000  1744891528889  1744891534093
read      673.3   347.1   109.4   388.2   427.2   585.2   717.5   805.5   880.3   953.0  1026.3  1145.9  1443.6  2786.6 12151.0  96790.3   215000  1744891535596  1744891540802
read      670.4   332.1   127.6   393.2   433.9   580.3   701.0   800.2   880.9   957.6  1031.8  1128.3  1434.8  3642.6  7969.4  97318.6   220000  1744891542305  1744891547509
Warning! Detected max cpu usage > 95%
CPU Usage Stats (avg/min/max): 81.83%,45.50%,100.00%
