Random waveform, supplied seed
Total number of intervals = 90 (8195, 158594, 149766, 10382, 170548, 150565, 137144, 143496, 144743, 116745, 129314, 144723, 117379, 119931, 132052, 143350, 143518, 172981, 94027, 170019, 179090, 47130, 19439, 128963, 23787, 61848, 101968, 108767, 97139, 158594, 141240, 41405, 57997, 133577, 53832, 139832, 170515, 128494, 20789, 63647, 64802, 55719, 174179, 106356, 178750, 105831, 110667, 8803, 45662, 30867, 45656, 100938, 132360, 67591, 33910, 85729, 12884, 45621, 36938, 56902, 102243, 14085, 94103, 58175, 151312, 83333, 165153, 123975, 28449, 14903, 31189, 40636, 80574, 168820, 162621, 101621, 58592, 153042, 112238, 160265, 57109, 88551, 8385, 34088, 113600, 131842, 112066, 72585, 133669, 11820)
Average QPS expected = 95608
Timestamp start: 1747070573915
Timestamp end: 1747071474218

#type       avg     std     min      p5     p10     p50     p67     p75     p80     p85     p90     p95     p99    p999   p9999      QPS   target
read      209.2   178.7    80.4   132.3   147.0   198.8   214.7   223.5   229.8   236.0   248.6   268.8   388.9  2565.6  7799.3   8201.4     8195
read      261.7   403.1    68.9   113.8   127.4   204.8   242.0   265.2   282.8   305.5   337.9   397.1  2410.5  5033.6 10044.2 158549.2   158594
read      218.2   227.6    68.9   107.2   117.9   185.8   225.1   249.5   268.2   290.6   319.8   368.0   577.1  3413.3  7353.8 149805.9   149766
read      209.0   139.2    80.4   129.3   144.3   200.3   217.0   226.6   232.9   241.7   252.9   273.0   419.8  1927.5  5246.1  10429.4    10382
read      283.9   330.3    68.9   120.0   135.9   222.7   262.4   286.7   305.9   331.5   370.7   494.9  1526.3  3601.2  8600.6 170189.1   170548
read      212.9   210.1    68.9   105.6   116.1   182.6   221.8   246.1   264.6   286.6   315.8   363.3   531.4  3046.3  7481.8 150559.6   150565
read      214.6   218.9    63.8   104.0   113.9   180.9   222.0   247.9   267.3   290.1   320.2   369.9   637.6  3205.1  7521.6 137099.5   137144
read      211.1   201.1    68.9   104.8   114.9   180.7   219.9   244.8   263.8   286.3   316.1   364.5   557.1  2852.7  7324.2 143532.8   143496
read      216.0   207.6    68.9   105.4   115.7   182.6   222.0   246.6   265.4   287.9   318.1   369.5   899.0  2478.9  7306.8 144454.8   144743
read      211.4   195.3    68.9   101.8   111.0   178.3   223.0   251.3   272.0   295.7   327.8   377.8   575.7  2737.7  7119.8 116604.4   116745
read      211.7   194.4    68.9   103.0   112.7   179.1   220.9   247.7   267.9   291.7   323.0   373.2   660.1  2358.5  7288.3 129217.3   129314
read      215.7   217.3    68.9   106.0   116.3   183.2   222.6   247.1   265.8   288.1   317.6   366.8   700.5  2903.7  7352.3 144512.8   144723
read      214.8   206.7    68.9   102.5   112.0   180.3   225.5   253.8   274.4   297.9   331.0   383.0   613.5  3164.6  7223.2 117475.8   117379
read      215.3   206.0    68.9   102.8   112.2   180.1   224.5   252.4   273.0   296.5   329.2   380.1   684.8  2876.9  6844.6 119808.8   119931
read      210.6   190.9    68.9   103.4   113.1   178.7   219.8   246.0   265.8   288.8   318.9   368.0   636.0  2511.4  5694.4 132106.9   132052
read      213.4   202.1    68.9   105.6   115.9   182.2   221.2   245.7   264.6   287.1   316.8   365.5   610.5  2908.0  7669.6 143661.5   143350
read      216.4   223.7    68.9   106.1   116.5   183.5   222.9   247.5   266.3   288.7   318.3   367.3   600.3  3331.6  7541.4 143488.3   143518
read      232.9   220.4    68.9   115.8   129.2   202.6   240.4   263.5   280.5   301.8   331.4   380.9   688.4  3239.4  7603.6 172962.6   172981
read      226.5   254.0    68.9   101.7   110.9   187.2   239.0   269.6   290.9   316.6   350.8   403.2   645.7  3917.2  8518.8  94084.8    94027
read      289.7   331.2    68.9   123.4   139.9   228.3   269.3   294.9   315.6   342.4   383.2   498.4  1555.0  3549.1  9283.8 170122.8   170019
read      233.9   232.2    68.9   118.8   132.9   208.2   244.8   266.8   283.3   303.6   331.3   374.9   507.4  3442.7  8200.0 179274.1   179090
read      254.1   287.0    74.4   107.6   118.4   220.3   265.7   290.0   308.7   331.9   361.6   408.0  1157.5  3952.6  7847.2  47244.4    47130
read      237.2   211.5    74.4   119.0   132.8   216.1   242.8   257.9   269.0   282.4   300.3   340.6   983.9  2826.7  7721.7  19464.8    19439
read      242.0   267.6    68.9   105.7   116.3   189.7   234.6   264.9   288.3   318.8   367.2   480.9  1224.0  3483.9  7825.0 128932.4   128963
read      234.5   191.3    74.4   118.6   132.1   221.3   248.0   262.8   272.8   286.3   304.0   338.9   697.3  2868.2  7048.1  23869.5    23787
read      274.6   419.4    68.9   103.1   113.4   216.1   270.7   304.4   329.8   357.7   390.1   441.3  1683.2  6659.3  8101.4  61851.1    61848
read      222.5   212.3    68.9   102.0   111.3   186.3   236.9   267.4   288.5   313.9   348.6   408.5   666.3  2788.8  7919.7 101841.8   101968
read      213.9   166.6    63.8   101.4   110.6   182.0   231.9   263.1   285.7   312.6   348.3   404.0   544.6  1502.0  7117.4 108751.3   108767
read      221.0   216.7    68.9   101.8   111.1   186.8   238.7   269.7   291.3   317.0   351.8   405.0   560.4  2593.0  9216.1  97172.5    97139
read      211.1   166.2    68.9   110.1   121.1   187.8   224.8   247.7   265.4   286.7   315.4   363.6   492.7  1920.6  4373.3 158581.2   158594
read      204.4   145.7    68.9   104.9   114.9   179.6   218.1   242.7   261.8   284.3   313.6   361.5   496.4  1492.8  4102.9 141314.1   141240
read      232.8   192.7    68.9   109.4   120.5   218.9   258.2   279.0   293.4   311.9   336.6   373.3   469.3  2968.8  7271.7  41430.2    41405
read      252.7   311.3    68.9   104.5   114.6   217.0   270.6   302.4   326.2   352.5   381.9   423.8   719.3  5453.7  9347.5  57982.9    57997
read      215.0   181.8    68.9   104.9   115.0   182.0   222.3   248.2   268.3   292.2   324.5   381.8   852.4  1739.6  6162.6 133570.3   133577
read      243.0   249.0    68.9   105.5   115.7   216.1   264.2   291.4   311.7   336.0   366.0   405.9   583.8  4168.6  7550.9  53909.0    53832
read      223.8   220.6    68.9   106.1   116.6   185.7   225.7   250.2   269.2   292.1   323.0   380.4  1302.8  2163.3  7268.2 140024.1   139832
read      222.6   166.1    68.9   117.0   130.4   201.6   237.3   259.7   275.7   295.8   323.0   368.9   499.9  2027.5  4595.6 170573.1   170515
read      202.7   140.6    68.9   103.1   112.6   177.1   217.8   243.5   263.5   286.7   315.7   362.2   482.7  1411.6  3385.4 128592.8   128494
read      218.3   118.9    74.4   119.4   132.9   212.8   236.8   250.9   261.0   272.3   288.4   314.1   405.5  1798.1  3047.7  20770.6    20789
read      250.8   321.8    68.9   103.4   113.3   214.6   269.8   303.1   327.7   355.3   386.1   427.9   689.7  5370.8 11188.9  63648.8    63647
read      254.9   327.7    68.9   103.8   113.6   215.1   270.3   304.3   329.3   357.4   388.3   430.7   771.7  5600.8  9305.3  64930.4    64802
read      250.9   298.9    68.9   105.0   115.2   217.7   270.6   302.0   324.4   350.1   378.4   417.2   609.0  5387.5  8779.5  55580.3    55719
read      269.2   268.8    68.9   125.4   141.5   227.5   267.5   291.0   309.3   332.3   365.0   429.1  1439.5  3142.2  7944.3 174374.0   174179
read      203.3   127.2    68.9   101.6   110.5   178.0   224.6   252.9   273.4   296.0   324.0   368.9   469.0   977.4  3413.8 106380.1   106356
read      219.9   159.8    68.9   117.9   131.2   200.9   234.9   255.8   271.7   291.3   317.4   361.9   477.3  1688.3  4427.9 178869.2   178750
read      204.8   131.2    68.9   101.9   110.9   179.6   226.8   255.2   275.5   298.5   327.2   372.3   471.7   925.4  3791.5 105718.7   105831
read      204.4   136.6    68.9   102.3   111.5   179.3   224.7   252.7   273.1   296.0   324.5   370.2   471.3  1008.0  3633.1 110781.4   110667
read      210.4   217.6    80.4   135.0   149.2   197.9   214.2   223.0   229.4   235.8   248.1   267.3   391.5  3014.8  9513.3   8817.2     8803
read      250.1   272.7    68.9   107.1   117.9   218.2   267.4   295.2   313.9   336.3   363.9   401.6   814.3  4402.6  7644.9  45711.0    45662
read      236.6   215.8    74.4   112.1   123.9   216.8   254.5   274.4   288.4   304.2   323.8   362.5   761.5  3125.7  7141.5  30778.1    30867
read      247.3   275.4    74.4   106.8   117.5   217.7   266.3   293.4   311.7   333.1   360.2   397.6   622.5  4370.6  7779.4  45597.2    45656
read      216.0   177.1    68.9   102.5   111.8   184.2   234.1   264.8   286.5   311.7   344.5   399.0   537.1  1781.0  7565.5 100990.8   100938
read      203.2   149.2    68.9   103.8   113.6   178.1   218.0   243.5   263.1   286.1   314.7   360.6   479.6  1384.9  3202.6 132326.7   132360
read      237.4   258.0    68.9   103.7   113.4   207.4   259.5   288.3   309.0   334.5   367.7   413.8   550.3  4164.6  8339.4  67774.5    67591
read      240.3   212.7    74.4   111.0   122.8   218.4   259.3   281.0   295.5   312.6   335.3   371.9   791.7  3075.9  7457.9  33982.6    33910
read      232.5   255.7    68.9   103.1   112.7   195.4   250.3   281.5   303.9   331.1   367.9   422.5   591.3  3757.8  9322.0  85804.8    85729
read      213.4   121.7    80.4   123.9   139.1   204.9   225.6   236.1   245.8   255.9   270.7   294.6   466.9  1786.1  3880.4  12902.1    12884
read      278.1   388.7    68.9   106.6   117.6   221.4   273.0   302.2   321.3   347.6   378.6   433.7  2015.8  5276.4  8115.5  45570.4    45621
read      254.5   294.9    74.4   109.5   120.9   223.6   269.3   293.5   310.1   329.7   357.0   398.8   955.8  4448.4  8599.0  36874.5    36938
read      248.3   279.1    74.4   103.7   113.8   216.8   269.8   301.2   322.5   348.9   378.3   419.5   588.5  4406.8  8832.8  56946.2    56902
read      213.7   166.0    68.9   101.5   110.7   183.2   233.7   264.2   285.7   310.4   342.8   397.0   534.2  1688.3  4954.7 102196.4   102243
read      219.7   189.3    80.4   123.6   138.2   206.2   227.3   238.4   247.6   257.9   272.8   300.3   593.6  2808.4  7795.4  14123.2    14085
read      217.1   150.2    68.9   102.2   111.5   188.8   241.9   272.2   293.6   317.6   350.8   401.9   514.4  1541.4  4647.7  93932.9    94103
read      220.3   115.1    68.9   103.8   113.8   208.0   255.7   280.3   296.7   315.2   340.2   377.3   454.5   851.6  2855.6  58137.0    58175
read      227.9   221.4    68.9   109.5   120.4   190.4   229.3   252.7   271.0   293.3   323.1   381.1  1322.6  2551.1  5162.3 151107.3   151312
read      212.4   109.1    68.9   101.9   111.3   194.4   245.2   272.4   291.1   311.8   338.1   377.0   451.7   569.9  2121.5  83280.0    83333
read      217.6   187.3    68.9   110.8   122.1   189.3   225.3   247.3   264.6   285.7   313.7   362.8   765.3  1954.9  4134.4 165055.7   165153
read      196.0   128.0    63.8   101.5   110.4   173.2   215.6   242.4   262.5   284.9   311.2   349.1   433.4   641.0  2590.5 124072.7   123975
read      212.5    76.9    68.9   115.1   127.6   214.1   241.4   254.8   264.9   275.0   289.9   311.4   360.9   536.7  1979.5  28520.1    28449
read      201.8    64.9    74.4   122.9   137.0   199.9   220.5   231.0   238.2   248.1   260.0   277.8   328.5   788.9  2041.0  14897.3    14903
read      214.0    78.8    68.9   112.1   124.0   213.3   244.6   260.5   271.1   283.8   298.0   320.9   380.4   658.7  1941.0  31174.0    31189
read      217.2    80.0    74.4   109.0   119.8   214.2   252.6   271.3   284.3   298.3   316.1   343.5   403.1   504.4  1669.4  40593.7    40636
read      218.1   130.0    68.9   101.8   111.5   199.0   250.5   279.8   300.0   321.3   349.5   390.4   465.6   643.6  3680.9  80595.7    80574
read      254.1   232.3    74.4   120.6   135.6   216.1   254.5   278.7   297.3   321.3   357.3   423.3  1361.1  2452.1  4951.0 168841.7   168820
read      214.8   134.4    68.9   113.5   126.1   196.7   233.9   256.9   273.8   294.6   320.9   365.5   463.8   949.8  3139.5 162610.3   162621
read      207.7   128.6    68.9   103.5   112.9   183.8   232.1   260.4   279.9   301.9   328.8   372.3   469.2   781.1  4141.5 101495.9   101621
read      219.2    95.7    68.9   106.0   116.1   209.5   255.9   279.1   294.8   312.4   334.8   369.0   434.8   590.0  2184.8  58551.7    58592
read      266.4   280.0    68.9   116.7   131.0   212.5   251.4   276.0   296.2   322.7   365.6   467.5  1505.9  3134.8  7336.7 153159.8   153042
read      206.7   131.7    68.9   104.4   114.1   182.6   228.0   255.8   275.6   298.2   325.5   369.5   464.6   925.0  4027.9 112200.2   112238
read      216.9   164.2    68.9   113.8   126.5   198.2   235.8   259.5   276.4   297.0   324.3   368.9   468.5   941.5  3412.6 160277.6   160265
read      216.2    98.1    68.9   105.4   115.5   207.0   252.8   275.0   290.4   307.4   327.9   361.0   426.2   529.2  2425.4  57126.4    57109
read      219.8   138.8    63.8   102.2   112.0   198.8   251.7   282.3   303.9   327.5   357.1   397.8   469.4   629.2  4095.9  88505.5    88551
read      186.7    63.2    80.4   125.5   138.9   183.0   198.0   206.8   213.5   221.1   231.5   247.9   289.5   788.1  2166.1   8412.6     8385
read      217.7   154.3    68.9   111.8   123.4   216.1   249.9   266.7   277.9   291.1   307.6   332.2   387.6   610.4  2566.1  33997.1    34088
read      203.7   133.5    68.9   102.6   111.9   179.3   225.3   253.8   274.1   297.2   324.9   368.9   463.0   709.3  3328.6 113388.9   113600
read      196.5   117.8    68.9   103.1   112.4   174.8   214.9   240.5   260.1   282.3   309.1   346.4   431.5   792.7  2569.3 131827.7   131842
read      195.4   110.3    68.9   101.1   109.8   174.5   218.7   246.4   265.7   286.6   310.5   342.9   412.0   519.6  1896.6 112156.0   112066
read      205.9   103.9    68.9   103.5   112.9   193.8   241.7   264.1   278.1   293.5   312.1   339.0   398.5   506.6  2741.2  72600.7    72585
read      192.4   139.1    68.9   101.8   110.8   171.6   210.3   235.1   254.3   276.1   302.6   338.6   412.5   545.3  3435.5 133912.1   133669
read      196.3    71.0    80.4   129.1   143.7   194.8   210.5   218.6   225.6   232.7   242.7   256.5   292.8   770.7  3135.1  11810.7    11820

Total QPS = 95610.4 (86049376 / 900.0s)

Total connections = 64
Misses = 0 (0.0%)
Skipped TXs = 0 (0.0%)

RX 21254196366 bytes :   22.5 MB/s
TX          0 bytes :    0.0 MB/s
Warning! Detected max cpu usage > 95%
CPU Usage Stats (avg/min/max): 99.83%,23.50%,100.00%
